# Envelope of best limits as of 2024 
#  Mass [GeV] 	 sigma_p_SI [cm^2]
1.000000000000000056e-01 1.000000000000000000e+00
1.011591112223829692e-01 1.000000000000000000e+00
1.023316578330244891e-01 1.000000000000000000e+00
1.035177955630176283e-01 1.000000000000000000e+00
1.047176819485520216e-01 1.000000000000000000e+00
1.059314763518370006e-01 1.000000000000000000e+00
1.071593399822671072e-01 1.000000000000000000e+00
1.084014359178330916e-01 1.000000000000000000e+00
1.096579291267809897e-01 1.000000000000000000e+00
1.109289864895222771e-01 1.000000000000000000e+00
1.122147768207980290e-01 1.000000000000000000e+00
1.135154708920999012e-01 1.000000000000000000e+00
1.148312414543511129e-01 1.000000000000000000e+00
1.161622632608501904e-01 1.000000000000000000e+00
1.175087130904807486e-01 1.000000000000000000e+00
1.188707697711903349e-01 1.000000000000000000e+00
1.202486142037412220e-01 1.000000000000000000e+00
1.216424293857368000e-01 1.000000000000000000e+00
1.230524004359261625e-01 1.000000000000000000e+00
1.244787146187906202e-01 1.000000000000000000e+00
1.259215613694150970e-01 1.000000000000000000e+00
1.273811323186478384e-01 1.000000000000000000e+00
1.288576213185518016e-01 1.000000000000000000e+00
1.303512244681508947e-01 1.000000000000000000e+00
1.318621401394748371e-01 1.000000000000000000e+00
1.333905690039058622e-01 1.000000000000000000e+00
1.349367140588306480e-01 1.000000000000000000e+00
1.365007806546013891e-01 1.000000000000000000e+00
1.380829765218092309e-01 1.000000000000000000e+00
1.396835117988739772e-01 1.000000000000000000e+00
1.413025990599533765e-01 1.000000000000000000e+00
1.429404533431760937e-01 1.000000000000000000e+00
1.445972921792019472e-01 1.000000000000000000e+00
1.462733356201129931e-01 1.000000000000000000e+00
1.479688062686396188e-01 1.000000000000000000e+00
1.496839293077255606e-01 1.000000000000000000e+00
1.514189325304352018e-01 1.000000000000000000e+00
1.531740463702079835e-01 1.000000000000000000e+00
1.549495039314631728e-01 1.000000000000000000e+00
1.567455410205594868e-01 1.000000000000000000e+00
1.585623961771137069e-01 1.000000000000000000e+00
1.604003107056820310e-01 1.000000000000000000e+00
1.622595287078087423e-01 1.000000000000000000e+00
1.641402971144466927e-01 1.000000000000000000e+00
1.660428657187530133e-01 1.000000000000000000e+00
1.679674872092653537e-01 1.000000000000000000e+00
1.699144172034626477e-01 1.000000000000000000e+00
1.718839142817145949e-01 9.977241899520107441e-35
1.738762400216250781e-01 7.664167379728148073e-35
1.758916590327733176e-01 5.887344640537909155e-35
1.779304389918577867e-01 4.522451715779188475e-35
1.799928506782476900e-01 3.562557717852295676e-35
1.820791680099462795e-01 2.898077873335437063e-35
1.841896680799711417e-01 2.369739360666410546e-35
1.863246311931560373e-01 1.948105405826375208e-35
1.884843409033795936e-01 1.627041941071023944e-35
1.906690840512252350e-01 1.369576811281526150e-35
1.928791508020778200e-01 1.120099590389630958e-35
1.951148346846616755e-01 8.952628410635437896e-36
1.973764326300255778e-01 7.660210164109219757e-36
1.996642450109794020e-01 6.554367842254418332e-36
2.019785756819878764e-01 5.592912703805588464e-36
2.043197320195271061e-01 4.767876003525726606e-36
2.066880249629082511e-01 4.139479091056475797e-36
2.090837690555750472e-01 3.631724862002805208e-36
2.115072824868795276e-01 3.188628843436009041e-36
2.139588871343422183e-01 2.816307725446540233e-36
2.164389086064020806e-01 2.487460784511626758e-36
2.189476762856621128e-01 2.209311147267915524e-36
2.214855233726359951e-01 1.987474178917826225e-36
2.240527869300018848e-01 1.787911864179813961e-36
2.266498079273693289e-01 1.609822678505888234e-36
2.292769312865649278e-01 1.474846117570332977e-36
2.319345059274428023e-01 1.351186748425698586e-36
2.346228848142263013e-01 1.237895674247599859e-36
2.373424250023866700e-01 1.143778860441393261e-36
2.400934876860652545e-01 1.063414658775864485e-36
2.428764382460451010e-01 9.886970074468626388e-37
2.456916462982790816e-01 9.192291684784961141e-37
2.485394857429799043e-01 8.546422795024802723e-37
2.514203348142797223e-01 7.964379467724413211e-37
2.543345761304649510e-01 7.433992172459497510e-37
2.572825967447933682e-01 6.938925982136823983e-37
2.602647881969005761e-01 6.476828690235619609e-37
2.632815465648021269e-01 6.045504735264675346e-37
2.663332725174982207e-01 5.698659724942817463e-37
2.694203713681883605e-01 5.388920188803709673e-37
2.725432531281029025e-01 5.096015941114661185e-37
2.757023325609583853e-01 4.819031932603047302e-37
2.788980292380440762e-01 4.557102849715304213e-37
2.821307675939472293e-01 4.323755241266955746e-37
2.854009769829238818e-01 4.121629103429380970e-37
2.887090917359236286e-01 3.928951922185585575e-37
2.920555512182746449e-01 3.745281979400344710e-37
2.954407998880381192e-01 3.570198206298739970e-37
2.988652873550384226e-01 3.403299218153808295e-37
3.023294684405777866e-01 3.264995366712691229e-37
3.058338032378433158e-01 3.136611248065808105e-37
3.093787571730138297e-01 3.013275369942871423e-37
3.129648010670751934e-01 2.894789228567478754e-37
3.165924111983522415e-01 2.780962125605212867e-37
3.202620693657651785e-01 2.674645651298136979e-37
3.239742629528197249e-01 2.581976132611571499e-37
3.277294849923383935e-01 2.492517371839625934e-37
3.315282342319424980e-01 2.406158124567309663e-37
3.353710152002930545e-01 2.322791000709538034e-37
3.392583382740993470e-01 2.242312330968458215e-37
3.431907197459044268e-01 2.165301015249681585e-37
3.471686818926561502e-01 2.091294009555175800e-37
3.511927530450729695e-01 2.019816461360247737e-37
3.552634676578141359e-01 1.950781917292245453e-37
3.593813663804627523e-01 1.884106878835692354e-37
3.635469961293319452e-01 1.819787858157858919e-37
3.677609101601032604e-01 1.758870489262104163e-37
3.720236681413067736e-01 1.699992328297398258e-37
3.763358362286534642e-01 1.643085112811480827e-37
3.806979871402286220e-01 1.588082865436569127e-37
3.851107002325570572e-01 1.534921817396191195e-37
3.895745615775503268e-01 1.483370836914911713e-37
3.940901640403449702e-01 1.433367009979029914e-37
3.986581073580440782e-01 1.385048791689354217e-37
4.032789982193707434e-01 1.338359360864763587e-37
4.079534503452451055e-01 1.293243811742950999e-37
4.126820845702953711e-01 1.249649089412587717e-37
4.174655289253136892e-01 1.206747658653262252e-37
4.223044187206674294e-01 1.165219799840751065e-37
4.271993966306778523e-01 1.125121041010481914e-37
4.321511127789764428e-01 1.086402202483598300e-37
4.371602248248504519e-01 1.049015797003690823e-37
4.422273980505899149e-01 1.012480633906937112e-37
4.473533054498465278e-01 9.762153536264810545e-38
4.525386278170169252e-01 9.412490320715319995e-38
4.577840538376618529e-01 9.075351428191034809e-38
4.630902801799739454e-01 8.750288259410232599e-38
4.684580115873047679e-01 8.436868283130999360e-38
4.738879609717653318e-01 8.133278938391491557e-38
4.793808495089109112e-01 7.840056122823031220e-38
4.849374067335235350e-01 7.557404642655725525e-38
4.905583706365048147e-01 7.284943377710112158e-38
4.962444877628915951e-01 7.022304948037323479e-38
5.019965133110081412e-01 6.766993331144439526e-38
5.078152112327672940e-01 6.505639336358413273e-38
5.137013543351340861e-01 6.254379323825266224e-38
5.196557243827659711e-01 6.012823444988244450e-38
5.256791122018421580e-01 5.780596907973912892e-38
5.317723177850969263e-01 5.557339396075163609e-38
5.379361503980700787e-01 5.336532037463491193e-38
5.441714286865890760e-01 5.119235433475371468e-38
5.504789807854970629e-01 4.910786862961747980e-38
5.568596444286411096e-01 4.710826045573258512e-38
5.633142670601354318e-01 4.519007371105335463e-38
5.698437059469139143e-01 4.334999302148846974e-38
5.764488282925875895e-01 4.166074555423094060e-38
5.831305113526221717e-01 4.004201279749733383e-38
5.898896425508496355e-01 3.848617607641766901e-38
5.967271195973313791e-01 3.699079155874939364e-38
6.036438506075867405e-01 3.555351036761748455e-38
6.106407542232039631e-01 3.419242270491877721e-38
6.177187597338491543e-01 3.291974004934399996e-38
6.248788072006891126e-01 3.169442815646068359e-38
6.321218475812451221e-01 3.051472383011923194e-38
6.394488428556941439e-01 2.937892950242859974e-38
6.468607661546326160e-01 2.828541079099443379e-38
6.543586018883233990e-01 2.718230592234586481e-38
6.619433458774393042e-01 2.610712557269352369e-38
6.696160054853220744e-01 2.507447335834986436e-38
6.773775997517750280e-01 2.408266710358264330e-38
6.852291595284062398e-01 2.313009117014371459e-38
6.931717276155405782e-01 2.220126729928273070e-38
7.012063589007182518e-01 2.124566791966133413e-38
7.093341204987995141e-01 2.033119998366566761e-38
7.175560918936926269e-01 1.945609308866557469e-38
7.258733650817251748e-01 1.861865303469236575e-38
7.342870447166763848e-01 1.781725854448205333e-38
7.427982482564916555e-01 1.709614490829663009e-38
7.514081061116968385e-01 1.643585967546510199e-38
7.601177617955328092e-01 1.580107589872405399e-38
7.689283720758310903e-01 1.519080866393249799e-38
7.778411071286488454e-01 1.460411109618456372e-38
7.868571506936850035e-01 1.404007289066127613e-38
7.959777002314983863e-01 1.354994971156216057e-38
8.052039670825476003e-01 1.307730449745020448e-38
8.145371766280743442e-01 1.262114594957526750e-38
8.239785684528517784e-01 1.218089898507288007e-38
8.335293965098193869e-01 1.175600858094388134e-38
8.431909292866257566e-01 1.137049592779672838e-38
8.529644499741022567e-01 1.103264818498020872e-38
8.628512566366893788e-01 1.070483879915805520e-38
8.728526623848377186e-01 1.038676950398623804e-38
8.829699955494089147e-01 1.007815089540834515e-38
8.932045998580966373e-01 9.778702168334417954e-39
9.035578346138927186e-01 9.471196433057408137e-39
9.140310748756229620e-01 9.169719191381662565e-39
9.246257116405740550e-01 8.877838258671824106e-39
9.353431520292383450e-01 8.595248175234486079e-39
9.461848194721999006e-01 8.321653204450874426e-39
9.571521538991862865e-01 8.055862250009156068e-39
9.682466119303121399e-01 7.795649894908332074e-39
9.794696670695393070e-01 7.543842657428162364e-39
9.908228099003795197e-01 7.300169043918050790e-39
1.002307548283865479e+00 7.064366330242070331e-39
1.013925407558815328e+00 6.836180278514937579e-39
1.025677930744421928e+00 6.620539672265109797e-39
1.037566678745186044e+00 6.414472542792767732e-39
1.049593230558227619e+00 6.214819340877852849e-39
1.061759183483000024e+00 6.021380430281252090e-39
1.074066153333433471e+00 5.833962388527494813e-39
1.086515774652538457e+00 5.652691941366236556e-39
1.099109700929497224e+00 5.482071997668372292e-39
1.111849604819270976e+00 5.316602018888006387e-39
1.124737178364751955e+00 5.156126559313010112e-39
1.137774133221491457e+00 5.000494865179609730e-39
1.150962200885032205e+00 4.849560733051449790e-39
1.164303132920876838e+00 4.711254286004957903e-39
1.177798701197119158e+00 7.167013483238798938e-40
1.191450698119775886e+00 5.618090922648274177e-40
1.205260936870842681e+00 4.459800612762875211e-40
1.219231251649110614e+00 3.612715667644424110e-40
1.233363497913775975e+00 2.951182573752599724e-40
1.247659552630869806e+00 2.446170458389920586e-40
1.262121314522547388e+00 2.040299694339534409e-40
1.276750704319265850e+00 1.705891791368773815e-40
1.291549665014884107e+00 1.441160528908949242e-40
1.306520162124721329e+00 1.222545500045900768e-40
1.321664183946605231e+00 1.043460424504156017e-40
1.336983741824946614e+00 8.924879815957371648e-41
1.352480870417875458e+00 7.660375804021953713e-41
1.368157627967471868e+00 6.577238619068708586e-41
1.384016096573131627e+00 5.648490228376246364e-41
1.400058382468097440e+00 4.937134035714155339e-41
1.416286616299198720e+00 4.350228178641517723e-41
1.432702953409831004e+00 3.849483404550462462e-41
1.449309574126216527e+00 3.415157668990113480e-41
1.466108684046984356e+00 3.029835611260158754e-41
1.483102514336104516e+00 2.687988292492153504e-41
1.500293322019218278e+00 2.384048751301696691e-41
1.517683390283405265e+00 2.112205655451552101e-41
1.535275028780422657e+00 1.871359689471746120e-41
1.553070573933460041e+00 1.663727996620935504e-41
1.571072389247450518e+00 1.479154783368203112e-41
1.589282865622978047e+00 1.329200654944430158e-41
1.607704421673823658e+00 1.197913689110936453e-41
1.626339504048192275e+00 1.083438464666441986e-41
1.645190587753662559e+00 9.886628776861858976e-42
1.664260176485903520e+00 9.021779432721717938e-42
1.683550802961202297e+00 8.233739046780344639e-42
1.703065029252844420e+00 7.516537831438911896e-42
1.722805447131394052e+00 6.861808547787788663e-42
1.742774678408919087e+00 6.269261189654610129e-42
1.762975375287205715e+00 5.734837228076229795e-42
1.783410220710007987e+00 5.245970304571240503e-42
1.804081928719382777e+00 4.826940542364678266e-42
1.824993244816152327e+00 4.471567347446834223e-42
1.846146946324547677e+00 4.142357745504298720e-42
1.867545842761076047e+00 3.840952389514296377e-42
1.889192776207666347e+00 3.566918114586568411e-42
1.911090621689137903e+00 3.312434923926422730e-42
1.933242287555045236e+00 3.077173796837396660e-42
1.955650715865949074e+00 2.864383073747906711e-42
1.978318882784164234e+00 2.666307116486556089e-42
2.001249798969037208e+00 2.481928379127353755e-42
2.024446509976803643e+00 2.326051900253142619e-42
2.047912096665085446e+00 2.181329610929993283e-42
2.071649675602068807e+00 2.045611652518261650e-42
2.095662399480433091e+00 1.919670513275398800e-42
2.119953457536071006e+00 1.802055988917469348e-42
2.144526075971667556e+00 1.691647480510832673e-42
2.169383518385184395e+00 1.590697173169064465e-42
2.194529086203313550e+00 1.498793303958217185e-42
2.219966119119954673e+00 1.412199258212469885e-42
2.245697995539774006e+00 1.331324307293489087e-42
2.271728133026905017e+00 1.257374624130071140e-42
2.298059988758851091e+00 1.187532546912129346e-42
2.324697059985648018e+00 1.121569914735054949e-42
2.351642884494348440e+00 1.061060274790683220e-42
2.378901041078893108e+00 1.003816524720893576e-42
2.406475150015424003e+00 9.496610505953855374e-43
2.434368873543110379e+00 9.005363847366870664e-43
2.462585916350546800e+00 8.545473551456079716e-43
2.491130026067788439e+00 8.109069156599109819e-43
2.520004993764092038e+00 7.697779157242296452e-43
2.549214654451422923e+00 7.309603907991517805e-43
2.578762887593800901e+00 6.941003138737236446e-43
2.608653617622548104e+00 6.591130664656912966e-43
2.638890814457510281e+00 6.259183327795107691e-43
2.669478494034320804e+00 5.943953765175057724e-43
2.700420718837772682e+00 5.649205228864271547e-43
2.731721598441376297e+00 5.414127103649081003e-43
2.763385290053169907e+00 5.188831190748079184e-43
2.795415999067856649e+00 4.972910426859682114e-43
2.827817979625341316e+00 4.765074700888221668e-43
2.860595535175741944e+00 4.523257830993157100e-43
2.893753019050950392e+00 4.293712625707033235e-43
2.927294835042816068e+00 4.078369965603474927e-43
2.961225437988034503e+00 3.908913674866473751e-43
2.995549334359813187e+00 3.746498293785236249e-43
3.030271082866396348e+00 3.590831272531276669e-43
3.065395295056526859e+00 3.445612711225529125e-43
3.100926635931926523e+00 3.311120974948765620e-43
3.136869824566876463e+00 3.181878820863236123e-43
3.173229634734976212e+00 2.935528104195228206e-43
3.210010895543171650e+00 2.604313587941212814e-43
3.247218492073128626e+00 2.310776314718025237e-43
3.284857366030043746e+00 2.092380174379348630e-43
3.322932516398971803e+00 1.903380014777714856e-43
3.361449000108764906e+00 1.722049433553577591e-43
3.400411932703705897e+00 1.567737765457977074e-43
3.439826489022924427e+00 1.432943884143496069e-43
3.479697903887691623e+00 1.302426331129035467e-43
3.520031472796679051e+00 1.189310828214175245e-43
3.560832552629277892e+00 1.120514705304588873e-43
3.602106562357069830e+00 1.051974432026588458e-43
3.643858983763544224e+00 9.789080812178594275e-44
3.686095362172157941e+00 9.110327056909144834e-44
3.728821307182833777e+00 8.479849020840243400e-44
3.772042493416997377e+00 8.046571002465997475e-44
3.815764661271248581e+00 7.700420334181011658e-44
3.859993617679767119e+00 7.189674606332552914e-44
3.904735236885560123e+00 6.682832554924873852e-44
3.949995461220642934e+00 6.208844792757402896e-44
3.995780301895269560e+00 5.770649343535186809e-44
4.042095839796307821e+00 5.373097897735560423e-44
4.088948226294862209e+00 4.928293657440780254e-44
4.136343684063275461e+00 4.449485221522700222e-44
4.184288507901582577e+00 4.065132390278638423e-44
4.232789065573550502e+00 3.736672588055995354e-44
4.281851798652413166e+00 3.447058881880465872e-44
4.331483223376400460e+00 3.139276260693410764e-44
4.381689931514192615e+00 2.854389806145738869e-44
4.432478591240398558e+00 2.589711682190205124e-44
4.483855948021188809e+00 2.332978056657673960e-44
4.535828825510188622e+00 2.107939571878792702e-44
4.588404126454759258e+00 1.910224102144922604e-44
4.641588833612779297e+00 1.740031597039841032e-44
4.695390010680060122e+00 1.583619198154560853e-44
4.749814803228502136e+00 1.432433116363672421e-44
4.804870439655131165e+00 1.285126273826910275e-44
4.860564232142136731e+00 1.161205047152075258e-44
4.916903577628028543e+00 1.049233206878676526e-44
4.973895958790064853e+00 9.700127502051073044e-45
5.031548945038053944e+00 9.031041697497284483e-45
5.089870193519682395e+00 8.441370068786352811e-45
5.148867450137495361e+00 7.903852202678576412e-45
5.208548550577662972e+00 7.387821151551225683e-45
5.268921421350674095e+00 6.905591920641051700e-45
5.329994080844090654e+00 6.443154376791209800e-45
5.391774640387502870e+00 6.006811759827790951e-45
5.454271305329833730e+00 5.602995841590008783e-45
5.517492376129125908e+00 5.222000572240897567e-45
5.581446249454963926e+00 4.862412771266190382e-45
5.646141419303670084e+00 4.520248222301319582e-45
5.711586478126432276e+00 3.904161050799308386e-45
5.777790117970504014e+00 3.507404960792208503e-45
5.844761131633634754e+00 3.196777757589210856e-45
5.912508413831877974e+00 2.850876873819102022e-45
5.981040962380941295e+00 2.525816918140325005e-45
6.050367879391221670e+00 2.323488484595100592e-45
6.120498372476699700e+00 2.129075068823680026e-45
6.191441755977844075e+00 1.972710602756355949e-45
6.263207452198689573e+00 1.774751906040371283e-45
6.335804992658251145e+00 1.641519351298053810e-45
6.409244019356453492e+00 1.495564610217164856e-45
6.483534286054723594e+00 1.379239721347527618e-45
6.558685659571431792e+00 1.261973034817095136e-45
6.634708121092347533e+00 1.170317676291480036e-45
6.711611767496282965e+00 1.044451746411931302e-45
6.789406812696109128e+00 9.458979530974478743e-46
6.868103588995303710e+00 8.586489976862269181e-46
6.947712548460236448e+00 7.870745433329656717e-46
7.028244264308349365e+00 7.347243584067401891e-46
7.109709432312435240e+00 6.872645673824664956e-46
7.192118872221189285e+00 6.405995111488404285e-46
7.275483529196228538e+00 5.974008615066612433e-46
7.359814475265767264e+00 5.569489459981170805e-46
7.445122910795139326e+00 5.185582197288568667e-46
7.531420165974371805e+00 4.827600911556490170e-46
7.618717702322995500e+00 4.491061012492333600e-46
7.707027114212299246e+00 4.172750091865711690e-46
7.796360130405233235e+00 3.879333708626548357e-46
7.886728615614152282e+00 3.617724784792595564e-46
7.978144572076624641e+00 3.384274747602209905e-46
8.070620141149502658e+00 3.183339885663503170e-46
8.164167604921468424e+00 3.049462969485780931e-46
8.258799387844268480e+00 2.939262057684357873e-46
8.354528058382866718e+00 2.791228189784948885e-46
8.451366330684717099e+00 2.648512513539287791e-46
8.549327066268380904e+00 2.518199889329417166e-46
8.648423275731722981e+00 2.415377758858858748e-46
8.748668120479909049e+00 2.316754020485489771e-46
8.850074914473434973e+00 2.206724072065326340e-46
8.952657125996395848e+00 2.047257276096130187e-46
9.056428379445289778e+00 1.002274341285495489e-46
9.161402457138516198e+00 9.197038170305416766e-47
9.267593301146877849e+00 8.502054961308000422e-47
9.375015015145285346e+00 7.998382495346963670e-47
9.483681866285921913e+00 7.464608918444169652e-47
9.593608287093141840e+00 6.926013795911687482e-47
9.704808877380301624e+00 6.403410549630829762e-47
9.817298406188836424e+00 5.878065691281572418e-47
9.931091813749794994e+00 5.392725525683569637e-47
1.004620421346813153e+01 4.955008780730896779e-47
1.016265089392995158e+01 4.627554310562047015e-47
1.028044732093309754e+01 4.327421774338098523e-47
1.039960913954120336e+01 4.053528559971190730e-47
1.052015217616159148e+01 3.785597890029491717e-47
1.064209244064724658e+01 3.514103748993908039e-47
1.076544612842315907e+01 3.209481174723901816e-47
1.089022962263730498e+01 2.926475291552308508e-47
1.101645949633656940e+01 2.725220709695861779e-47
1.114415251466788170e+01 2.605199009211974329e-47
1.127332563710487179e+01 2.489704558688490252e-47
1.140399601970033139e+01 2.365651060012706963e-47
1.153618101736478430e+01 2.247778724672147044e-47
1.166989818617147456e+01 2.115563015565296412e-47
1.180516528568805512e+01 1.980535469395282897e-47
1.194200028133532498e+01 1.867935205808801127e-47
1.208042134677328860e+01 1.766208800407693955e-47
1.222044686631488730e+01 1.663553828944434858e-47
1.236209543736769056e+01 1.563124878346108673e-47
1.250538587290391312e+01 1.476938050526998434e-47
1.265033720395903849e+01 1.397411627548174418e-47
1.279696868215941663e+01 1.326716292152165405e-47
1.294529978227916089e+01 1.259997249915617991e-47
1.309535020482667633e+01 1.210336908384816629e-47
1.324713987866117471e+01 1.172162911424264011e-47
1.340068896363950657e+01 1.135192921409090923e-47
1.355601785329368880e+01 1.092605927647507678e-47
1.371314717753945622e+01 1.049003103893375887e-47
1.387209780541621029e+01 1.007140345968293198e-47
1.403289084785873087e+01 9.580294696160749349e-48
1.419554766050101513e+01 9.091266963200602136e-48
1.436008984651260612e+01 8.649063687912090349e-48
1.452653925946781222e+01 8.266493207202719667e-48
1.469491800624817301e+01 7.900844809390701012e-48
1.486524844997857109e+01 7.593856459851909983e-48
1.503755321299738412e+01 7.299835075267536234e-48
1.521185517986104863e+01 7.016521897990470756e-48
1.538817750038346333e+01 6.743146851001046780e-48
1.556654359271061949e+01 6.480422938206347973e-48
1.574697714643086677e+01 6.244534537574738407e-48
1.592950212572123014e+01 6.021602128523350551e-48
1.611414277253019733e+01 5.827677312970581360e-48
1.630092360979741173e+01 5.713049856815210185e-48
1.648986944471064930e+01 5.600677064567773595e-48
1.668100537200059108e+01 5.490514588133076522e-48
1.687435677727375705e+01 5.373096932494309586e-48
1.706994934038407763e+01 5.186690111240374278e-48
1.726780903884355922e+01 5.006750231388411508e-48
1.746796215127245588e+01 4.833052937784541908e-48
1.767043526088946592e+01 4.673728619610042884e-48
1.787525525904235479e+01 4.522927199541634241e-48
1.808244934877951593e+01 4.376991502356571646e-48
1.829204504846293844e+01 4.242901027203351922e-48
1.850407019542302223e+01 4.120957048434540857e-48
1.871855294965579120e+01 4.002517825930989561e-48
1.893552179756295217e+01 3.887482630516804512e-48
1.915500555573527919e+01 3.818591592848922331e-48
1.937703337477988796e+01 3.751719697768706917e-48
1.960163474319185539e+01 3.686018875908320238e-48
1.982883949127071332e+01 3.621468619212882798e-48
2.005867779508233895e+01 3.556696471873160910e-48
2.029118018046678174e+01 3.492389235346955940e-48
2.052637752709252084e+01 3.429244712789328895e-48
2.076430107255774615e+01 3.367241881624082043e-48
2.100498241653915343e+01 3.311862784775061345e-48
2.124845352498882889e+01 3.261329429251126821e-48
2.149474673437980599e+01 3.211567126209272014e-48
2.174389475600079891e+01 3.162564110708816651e-48
2.199593068030074861e+01 3.116231977118100719e-48
2.225088798128369305e+01 3.072460635434794533e-48
2.250880052095461892e+01 3.029304116513986788e-48
2.276970255381679920e+01 2.986753784407757576e-48
2.303362873142131306e+01 2.946723279622319927e-48
2.330061410696924540e+01 2.909803542750163603e-48
2.357069413996727647e+01 2.873346376279509011e-48
2.384390470093720538e+01 2.837345984628027576e-48
2.412028207618006803e+01 2.802992384577840406e-48
2.439986297259550341e+01 2.771280240866676033e-48
2.468268452255692580e+01 2.739926878029986478e-48
2.496878428884326695e+01 2.708928236937618753e-48
2.525820026962784581e+01 2.677910551217114588e-48
2.555097090352506939e+01 2.646256909573765338e-48
2.584713507469563609e+01 2.614977422708930214e-48
2.614673211801092023e+01 2.584067668009970058e-48
2.644980182427719839e+01 2.554226532664704133e-48
2.675638444552045314e+01 2.527659671055272830e-48
2.706652070033241131e+01 2.501369135028850376e-48
2.738025177927857712e+01 2.475352050485027289e-48
2.769761935036891032e+01 2.449777912851598096e-48
2.801866556459195223e+01 2.425788923869625565e-48
2.834343306151309250e+01 2.402034842545794235e-48
2.867196497493769769e+01 2.378513368591010006e-48
2.900430493863991543e+01 2.355631928718249543e-48
2.934049709215787161e+01 2.343589500521680957e-48
2.968058608665602449e+01 2.331608635456050407e-48
3.002461709085549302e+01 2.319689018799191555e-48
3.037263579703311578e+01 2.307830337437856121e-48
3.072468842709003667e+01 2.297613420277561521e-48
3.108082173869063780e+01 2.287508387368457458e-48
3.144108303147264749e+01 2.277447796961818142e-48
3.180552015332919780e+01 2.267431453597058204e-48
3.217418150676371624e+01 2.251548798308179296e-48
3.254711605531848306e+01 2.234992573904884288e-48
3.292437333007768530e+01 2.218558091729294273e-48
3.330600343624588788e+01 2.202244456579082737e-48
3.369205705980267140e+01 2.184969536539440032e-48
3.408258547423452001e+01 2.167569344133382506e-48
3.447764054734464167e+01 2.150307719652702346e-48
3.487727474814177242e+01 2.133183559599869921e-48
3.528154115380883127e+01 2.120141466485637481e-48
3.569049345675229290e+01 2.108654360691512189e-48
3.610418597173337218e+01 2.097229493008163523e-48
3.652267364308175246e+01 2.085866526224311191e-48
3.694601205199302285e+01 2.082174477332802049e-48
3.737425742391064176e+01 2.082601391660852659e-48
3.780746663599349233e+01 2.083028393520397400e-48
3.824569722466998911e+01 2.083455482929383349e-48
3.868900739327975202e+01 2.089142370793695923e-48
3.913745601980384237e+01 2.098801360067790941e-48
3.959110266468458406e+01 2.108505006936840073e-48
4.005000757873611406e+01 2.118253517871803543e-48
4.051423171114647204e+01 2.141430780820748887e-48
4.098383671757261482e+01 2.178785879569904352e-48
4.145888496832910874e+01 2.216792600316361398e-48
4.193943955667186430e+01 2.255462309948291063e-48
4.242556430717777260e+01 2.294806573637610268e-48
4.291732378422157268e+01 2.334837158299136632e-48
4.341478330055092272e+01 2.335666587677237456e-48
4.391800892596086214e+01 2.309918297831404782e-48
4.442706749606882966e+01 2.284453856045648811e-48
4.494202662119142389e+01 2.259270133191014482e-48
4.546295469532399380e+01 2.234364034633783619e-48
4.598992090522438048e+01 2.209732499855496644e-48
4.652299523960189020e+01 2.193433791080433825e-48
4.706224849841281355e+01 2.199963852905590779e-48
4.760775230226368393e+01 2.206513355348291860e-48
4.815957910192350511e+01 2.213082356285147362e-48
4.871780218794631168e+01 2.220216466876926769e-48
4.928249570040513561e+01 2.229795659718772302e-48
4.985373463873893485e+01 2.239416182285349023e-48
5.043159487171358535e+01 2.249078212895073428e-48
5.101615314749833630e+01 2.258806686958155986e-48
5.160748710385907856e+01 2.268784930549730208e-48
5.220567527846975509e+01 2.278807252878025206e-48
5.281079711934330589e+01 2.288873848660141018e-48
5.342293299538351903e+01 2.298977979675822546e-48
5.404216420705915169e+01 2.308896991508648454e-48
5.466857299720180663e+01 2.318858799225823744e-48
5.530224256192899901e+01 2.328863587471519196e-48
5.594325706169377810e+01 2.338911541686559110e-48
5.659170163246242424e+01 2.349002848111857336e-48
5.724766239702178439e+01 2.359137693791870622e-48
5.791122647641758192e+01 2.369316266578064420e-48
5.858248200152535645e+01 2.379538755132395403e-48
5.926151812475552560e+01 2.390233803446950564e-48
5.994842503189408944e+01 2.401038732447513575e-48
6.064329395408061885e+01 2.411892504573985543e-48
6.134621717992506262e+01 2.422795340619244179e-48
6.205728806776500761e+01 2.433747462374251942e-48
6.277660105806499757e+01 2.444749092632445271e-48
6.350425168595962333e+01 2.455800455194507283e-48
6.424033659394190465e+01 2.466901774872760042e-48
6.498495354469888241e+01 2.482809259121201063e-48
6.573820143409585626e+01 2.500688519448428509e-48
6.650018030431118632e+01 2.518696532296081910e-48
6.727099135712336420e+01 2.536834224839585491e-48
6.805073696735206568e+01 2.556952647631813492e-48
6.883952069645496863e+01 2.578271362415925026e-48
6.963744730628222612e+01 2.599767823002391641e-48
7.044462277299037112e+01 2.621443511355369346e-48
7.126115430111745752e+01 2.642994065627418883e-48
7.208715033782135606e+01 2.664483847919321921e-48
7.292272058728312345e+01 2.686148360358734586e-48
7.376797602527730646e+01 2.707989023649879241e-48
7.462302891391107096e+01 2.728917354424409386e-48
7.548799281653431592e+01 2.748850652870317491e-48
7.636298261282242095e+01 2.768929553522275719e-48
7.724811451403400042e+01 2.789155119927371628e-48
7.814350607844542651e+01 2.812477899914461984e-48
7.904927622696420997e+01 2.840290913936040468e-48
7.996554525892345566e+01 2.868378975007407009e-48
8.089243486805938232e+01 2.896744803109964931e-48
8.183006815867389605e+01 2.923798924989620141e-48
8.277856966198471866e+01 2.947874047993036366e-48
8.373806535266488993e+01 2.972147410192321512e-48
8.470868266557401682e+01 2.996620643927065310e-48
8.569055051268347256e+01 3.021374199147476655e-48
8.668379930019773383e+01 3.046565050791611328e-48
8.768856094587427208e+01 3.071965932364143542e-48
8.870496889654403105e+01 3.097578594999528791e-48
8.973315814583520478e+01 3.122838313096963040e-48
9.077326525210223451e+01 3.145648995872809689e-48
9.182542835656282421e+01 3.168626298625859769e-48
9.288978720164497815e+01 3.191771438427055495e-48
9.396648314954690306e+01 3.214790663726270565e-48
9.505565920101190613e+01 3.235286907019313893e-48
9.615746001432096079e+01 3.255913826313764992e-48
9.727203192450537017e+01 3.276672254748405460e-48
9.839952296278225674e+01 3.297570452747091630e-48
9.954008287621518036e+01 3.318934660611510013e-48
1.006938631476027126e+02 3.340437282312537747e-48
1.018610170155975254e+02 3.362079214601840718e-48
1.030416994950587508e+02 3.383861360040989717e-48
1.042360673976401131e+02 3.405784627038989355e-48
1.054442793526168458e+02 3.427849929890387348e-48
1.066664958279538808e+02 3.450058188813070217e-48
1.079028791516183645e+02 3.472410329986805877e-48
1.091535935331391016e+02 3.494596711126265463e-48
1.104188050854160252e+02 3.516876887938553363e-48
1.116986818467822644e+02 3.539299114412023922e-48
1.129933938033221636e+02 3.561864296199555081e-48
1.143031129114478688e+02 3.585153553961257742e-48
1.156280131207375348e+02 3.608750846729311381e-48
1.169682703970384665e+02 3.632503455641517826e-48
1.183240627458378071e+02 3.656412402980476974e-48
1.196955702359042846e+02 3.679672991679146594e-48
1.210829750232039430e+02 3.702753568457620614e-48
1.224864613750930715e+02 3.725978917074748070e-48
1.239062156947915696e+02 3.749349945604996671e-48
1.253424265461399472e+02 3.777286921131293238e-48
1.267952846786433980e+02 3.807999465909518331e-48
1.282649830528060022e+02 3.838961729712654510e-48
1.297517168657586808e+02 3.870175742968067737e-48
1.312556835771842714e+02 3.910117496865229669e-48
1.327770829355428930e+02 3.957294642365450496e-48
1.343161170046015229e+02 4.005040999164138220e-48
1.358729901902709116e+02 4.053363435025310096e-48
1.374479092677536585e+02 4.102067282684187184e-48
1.390410834090069727e+02 4.151134841957594413e-48
1.406527242105236439e+02 4.200789330992716348e-48
1.422830457214352009e+02 4.251037770447542421e-48
1.439322644719406412e+02 4.302064528578441293e-48
1.456005995020648527e+02 4.353970673183762755e-48
1.472882723907501656e+02 4.406503086370108171e-48
1.489955072852853561e+02 4.459669324320635271e-48
1.507225309310755677e+02 4.513927428137501193e-48
1.524695727017573006e+02 4.569794861632582084e-48
1.542368646296627333e+02 4.626353748451850214e-48
1.560246414366367844e+02 4.683612646491554699e-48
1.578331405652116359e+02 4.741820313471422774e-48
1.596626022101425235e+02 4.801492566460065766e-48
1.615132693503091161e+02 4.861915750007301429e-48
1.633853877809862070e+02 4.923099314011123552e-48
1.652792061464895426e+02 4.984879616282680734e-48
1.671949759731990071e+02 5.046575874115118198e-48
1.691329517029648741e+02 5.109035726763067758e-48
1.710933907269015037e+02 5.172268624994817967e-48
1.730765534195725763e+02 5.236284136547873989e-48
1.750827031735725257e+02 5.301091947576559180e-48
1.771121064345088598e+02 5.366701864117627560e-48
1.791650327363901454e+02 5.433123813574007503e-48
1.812417547374237756e+02 5.500253459762261452e-48
1.833425482562290654e+02 5.560343050247991635e-48
1.854676923084699354e+02 5.621089112096663865e-48
1.876174691439121318e+02 5.682498817176743343e-48
1.897921642839101537e+02 5.744579415708752961e-48
1.919920665593284639e+02 5.806222783992761777e-48
1.942174681489026398e+02 5.868451825742478218e-48
1.964686646180446417e+02 5.931347816347193041e-48
1.987459549580983662e+02 5.994917903928595530e-48
2.010496416260499188e+02 6.058635502552423299e-48
2.033800305846982042e+02 6.122942144320481507e-48
2.057374313432913766e+02 6.187931339804528457e-48
2.081221569986339262e+02 6.253610333661563099e-48
2.105345242766705951e+02 6.320493075237102145e-48
2.129748535745520996e+02 6.388233884036700773e-48
2.154434690031884543e+02 6.456700714860456456e-48
2.179406984302955834e+02 6.525901348955686336e-48
2.204668735239409898e+02 6.595843650966259321e-48
2.230223297965938514e+02 6.666535569826622179e-48
2.256074066496861406e+02 6.737985139664765122e-48
2.282224474186898533e+02 6.810200480715943990e-48
2.308677994187169702e+02 6.883189800245228884e-48
2.335438139906479478e+02 6.956961393479914845e-48
2.362508465477947652e+02 7.031523644552945544e-48
2.389892566231050353e+02 7.106885027455441795e-48
2.417594079169130907e+02 7.182649513052834151e-48
2.445616683452446409e+02 7.258886492317807540e-48
2.473964100886814208e+02 7.335932654461052402e-48
2.502640096417919153e+02 7.413796588187881719e-48
2.531648478631355488e+02 7.493212038687328301e-48
2.560993100258459663e+02 7.574298005329701263e-48
2.590677858688009110e+02 7.656261423984959873e-48
2.620706696483852625e+02 7.739111789786070178e-48
2.651083601908538867e+02 7.824440637704691808e-48
2.681812609453015739e+02 7.913165607692181793e-48
2.712897800372467145e+02 8.002896671362890206e-48
2.744343303228365585e+02 8.093645237280695204e-48
2.776153294436800820e+02 8.184358940689161797e-48
2.808331998823172739e+02 8.273772052417924981e-48
2.840883690183304111e+02 8.364161991361633544e-48
2.873812691851066461e+02 8.455539429236825654e-48
2.907123377272578182e+02 8.548125025268315068e-48
2.940820170587063558e+02 8.642398088463449643e-48
2.974907547214440342e+02 8.737710842867817401e-48
3.009390034449721156e+02 8.834074754723988171e-48
3.044272212064302607e+02 8.931649752785373862e-48
3.079558712914226817e+02 9.031078213270492396e-48
3.115254223555488124e+02 9.131613526244016692e-48
3.151363484866479325e+02 9.233268013353189714e-48
3.187891292677645652e+02 9.335892357643994641e-48
3.224842498408441998e+02 9.437885829889324364e-48
3.262222009711670125e+02 9.540993568236077038e-48
3.300034791125285096e+02 9.645227745903945601e-48
3.338285864731760739e+02 9.750607691162788980e-48
3.376980310825091465e+02 9.858142343772891244e-48
3.416123268585528194e+02 9.966862943134031929e-48
3.455719936762139355e+02 1.007678256846915955e-47
3.495775574363275382e+02 1.018791444324553537e-47
3.536295501355043029e+02 1.029929055115363722e-47
3.577285099367873613e+02 1.041180902980918820e-47
3.618749812411280118e+02 1.052555675896290184e-47
3.660695147596902643e+02 1.064054716802447601e-47
3.703126675869926885e+02 1.075115843325881288e-47
3.746050032748992749e+02 1.086193098231485246e-47
3.789470919074667563e+02 1.097384485560125661e-47
3.833395101766601556e+02 1.108691181253865889e-47
3.877828414589457111e+02 1.120203307594078896e-47
3.922776758927719243e+02 1.131861129310720084e-47
3.968246104569481645e+02 1.143640272582365285e-47
4.014242490499322003e+02 1.155541999987876137e-47
4.060772025700365475e+02 1.167651013344466016e-47
4.107840889965646625e+02 1.179923560647752264e-47
4.155455334718875520e+02 1.192325098047899465e-47
4.203621683844713743e+02 1.204856981289963974e-47
4.252346334528681950e+02 1.217520580368424366e-47
4.301635758106795038e+02 1.230317279677148324e-47
4.351496500925049986e+02 1.243248478160537769e-47
4.401935185208874373e+02 1.256315589466561557e-47
4.452958509942655496e+02 1.269096886614843214e-47
4.504573251759458685e+02 1.281647175277837887e-47
4.556786265841063823e+02 1.294321575619900571e-47
4.609604486828433778e+02 1.307121315000004789e-47
4.663034929742731265e+02 1.320613482701987418e-47
4.717084690917017156e+02 1.334904179435618975e-47
4.771760948938745628e+02 1.349349519458779828e-47
4.827070965603182913e+02 1.363951176206091443e-47
4.883022086877879815e+02 1.378437369425765248e-47
4.939621743878320785e+02 1.392639840915073484e-47
4.996877453854883697e+02 1.406988644911667386e-47
5.054796821191240497e+02 1.421485289125153080e-47
5.113387538414326059e+02 1.437499028889822167e-47
5.172657387216019060e+02 1.456783018046333428e-47
5.232614239486662200e+02 1.476325701108218119e-47
5.293266058360561601e+02 1.496130548443410131e-47
5.354620899273608075e+02 1.515732298915307123e-47
5.416686911033151546e+02 1.534020220764878159e-47
5.479472336900287246e+02 1.552528793771526924e-47
5.542985515684669053e+02 1.571260680180506103e-47
5.607234882852033024e+02 1.590106927519342535e-47
5.672228971644543662e+02 1.608561307001089022e-47
5.737976414214133456e+02 1.627229863351145697e-47
5.804485942768977793e+02 1.646115082252190134e-47
5.871766390733255321e+02 1.665219478235079383e-47
5.939826693920356320e+02 1.684545595013681251e-47
6.008675891719686888e+02 1.704096005823563372e-47
6.078323128297230369e+02 1.723873313764616621e-47
6.148777653810022912e+02 1.743880152147651061e-47
6.220048825634711420e+02 1.764119184845046320e-47
6.292146109610343956e+02 1.784593106645325633e-47
6.365079081295571086e+02 1.805304643612134123e-47
6.438857427240419611e+02 1.826256553447093833e-47
6.513490946272802375e+02 1.847451625857016071e-47
6.588989550799949484e+02 1.868892682925344447e-47
6.665363268124913247e+02 1.890582579487910742e-47
6.742622241778342413e+02 1.912524203513050295e-47
6.820776732865684835e+02 1.934720476486161985e-47
6.899837121430018669e+02 1.957174353798570594e-47
6.979813907830659900e+02 1.979888825141221986e-47
7.060717714137772418e+02 2.002866914902628158e-47
7.142559285543126180e+02 2.026111682571591131e-47
7.225349491787213765e+02 2.049626223144566638e-47
7.309099328602910646e+02 2.073413667537758026e-47
7.393819919175865607e+02 2.097477183003991921e-47
7.479522515621821412e+02 2.121819973554465583e-47
7.566218500481055571e+02 2.146445280385217436e-47
7.653919388230148115e+02 2.171356382308892512e-47
7.742636826811269657e+02 2.196556596191173446e-47
7.832382599179196632e+02 2.222049277392447322e-47
7.923168624866253822e+02 2.247837820214567604e-47
8.015006961565404708e+02 2.273925658352797463e-47
8.107909806731686331e+02 2.300316265353038045e-47
8.201889499202203524e+02 2.327013155074174197e-47
8.296958520834906494e+02 2.354019882156162385e-47
8.393129498166364328e+02 2.381340042493175782e-47
8.490415204088747032e+02 2.408977273712426883e-47
8.588828559546249153e+02 2.436935255658511113e-47
8.688382635251184638e+02 2.465217710883371061e-47
8.789090653419954151e+02 2.493828405141947017e-47
8.890965989529157696e+02 2.522771147893621703e-47
8.994022174092044679e+02 2.552049792809278368e-47
9.098272894455558344e+02 2.581668238284653358e-47
9.203731996618221274e+02 2.611630427959240302e-47
9.310413487069075700e+02 2.641940351241415855e-47
9.418331534647951457e+02 2.672602043839623639e-47
9.527500472427290106e+02 2.703619588299719460e-47
9.637934799615785550e+02 2.734997114548556550e-47
9.749649183484086734e+02 2.766738800443920241e-47
9.862658461312820464e+02 2.798848872330623896e-47
9.976977642363201539e+02 2.831331605603507047e-47
1.009262190987048371e+03 2.864191325276516047e-47
1.020960662306047539e+03 2.897432406558618363e-47
1.032794731918952493e+03 2.931059275436350706e-47
1.044765971560805156e+03 2.965076409263132744e-47
1.056875971184805167e+03 2.999488337355416891e-47
1.069126339173477163e+03 3.034299641595808368e-47
1.081518702552289142e+03 3.069514957042936253e-47
1.094054707205743625e+03 3.105138972548898143e-47
1.106736018095974487e+03 3.141176431383376078e-47
1.119564319483879444e+03 3.177632131865241963e-47
1.132541315152812558e+03 3.214510928001444403e-47
1.145668728634872650e+03 3.251817730133311625e-47
1.158948303439811752e+03 3.289557505590353132e-47
1.172381803286599734e+03 3.327735279351705449e-47
1.185971012337670572e+03 3.366356134714979382e-47
1.199717735435885515e+03 3.405425213973419367e-47
1.213623798344241777e+03 3.444947719100370488e-47
1.227691047988360424e+03 3.484928912441968629e-47
1.241921352701784599e+03 3.525374117417808240e-47
1.256316602474121510e+03 3.566288719229749611e-47
1.270878709202059554e+03 3.607678165578943927e-47
1.285609606943296512e+03 3.649547967391247244e-47
1.300511252173409957e+03 3.691903699550749664e-47
1.315585624045705117e+03 3.734751001642418795e-47
1.330834724654076126e+03 3.778095578702759723e-47
1.346260579298911125e+03 3.821943201979492027e-47
1.361865236756082822e+03 3.866299709699978408e-47
1.377650769549054985e+03 3.911171007848574582e-47
1.393619274224143510e+03 3.956563070952998665e-47
1.409772871628967778e+03 4.002481942879895055e-47
1.426113707194129802e+03 4.048933737639301122e-47
1.442643951218158918e+03 4.095924640199108642e-47
1.459365799155757713e+03 4.143460907308317665e-47
1.476281471909391030e+03 4.191548868330178181e-47
1.493393216124253286e+03 4.240194926084932240e-47
1.510703304486655497e+03 4.289405557702335927e-47
1.528214036025870882e+03 4.339187315484078855e-47
1.545927736419478606e+03 4.389546827776280073e-47
1.563846758302247736e+03 4.440490799851755090e-47
1.581973481578601422e+03 4.492026014803238313e-47
1.600310313738701780e+03 4.544159334446253111e-47
1.618859690178199116e+03 4.596897700232823046e-47
1.637624074521688954e+03 4.650248134175707301e-47
1.656605958949915248e+03 4.704217739783375658e-47
1.675807864530768711e+03 4.758813703005822235e-47
1.695232341554121376e+03 4.814043293191439644e-47
1.714881969870540843e+03 4.869913864054608414e-47
1.734759359233932628e+03 4.926432854655296832e-47
1.754867149648152008e+03 4.983607790389244766e-47
1.775208011717636055e+03 5.041446283990035399e-47
1.795784647002096790e+03 5.099956036542716488e-47
1.816599788375328671e+03 5.159144838509183117e-47
1.837656200388172465e+03 5.219020570765550459e-47
1.858956679635688261e+03 5.279591205651134398e-47
1.880504055128583559e+03 5.340864808030465487e-47
1.902301188668945770e+03 5.402849536366767828e-47
1.924350975230332324e+03 5.465553643808332246e-47
1.946656343342263199e+03 5.528985479287403552e-47
1.969220255479173375e+03 5.593153488631824983e-47
1.992045708453871384e+03 5.658066215689586659e-47
2.015135733815558524e+03 5.723732303466514314e-47
2.038493398252464203e+03 5.790160495276695769e-47
2.062121803999144504e+03 5.857359635907193111e-47
2.086024089248504879e+03 5.925338672795344812e-47
2.110203428568596337e+03 5.994106657220183392e-47
2.134663033324245589e+03 6.063672745507602065e-47
2.159406152103567820e+03 6.134046200249500797e-47
2.184436071149428244e+03 6.205236391537081947e-47
2.209756114795903159e+03 6.277252798208560946e-47
2.235369645909796418e+03 6.350105009110850553e-47
2.261280066337279550e+03 6.423802724376907667e-47
2.287490817355704166e+03 6.498355756716877732e-47
2.314005380130653975e+03 6.573774032724744172e-47
2.340827276178294142e+03 6.650067594200034603e-47
2.367960067833078483e+03 6.727246599484862894e-47
2.395407358720879529e+03 6.805321324816500567e-47
2.423172794237600556e+03 6.884302165695742980e-47
2.451260062033339636e+03 6.964199638270606502e-47
2.479672892502160266e+03 7.045024380737205094e-47
2.508415059277541332e+03 7.126787154755755626e-47
2.537490379733571899e+03 7.209498846883587579e-47
2.566902715491951767e+03 7.293170470024665133e-47
2.596655972934872352e+03 7.377813164895934733e-47
2.626754103723838398e+03 7.463438201510690653e-47
2.657201105324506898e+03 7.550056980679280416e-47
2.688001021537607357e+03 7.637681035526605535e-47
2.719157943036018878e+03 7.726322033028475095e-47
2.750676007908067277e+03 7.815991775564546563e-47
2.782559402207125913e+03 7.906702202489920105e-47
2.814812360507581161e+03 7.998465391724832147e-47
2.847439166467247560e+03 8.091293561362814761e-47
2.880444153396297679e+03 8.185199071297506593e-47
2.913831704832788546e+03 8.280194424868485807e-47
2.947606255124858762e+03 8.376292270525528974e-47
2.981772290019673619e+03 8.473505403513529417e-47
3.016334347259197330e+03 8.571846767575628553e-47
3.051297017182871059e+03 8.671329456676783050e-47
3.086664943337274508e+03 8.771966716747197005e-47
3.122442823092857907e+03 8.873771947446001290e-47
3.158635408267819003e+03 8.976758703945383279e-47
3.195247505759213709e+03 9.080940698735582158e-47
3.232283978181380917e+03 9.186331803450095410e-47
3.269749744511767858e+03 9.292946050713540977e-47
3.307649780744242435e+03 9.400797636009483624e-47
3.345989120549974814e+03 9.509900919570687500e-47
3.384772855945982883e+03 9.620270428291153138e-47
3.424006137971425687e+03 9.731920857660341453e-47
3.463694177371734440e+03 9.844867073719856986e-47
3.503842245290675692e+03 9.959124115042991011e-47
3.544455673970435782e+03 1.007470719473642830e-46
3.585539857459817085e+03 1.019163170246682065e-46
3.627100252330648345e+03 1.030991320650923629e-46
3.669142378402494160e+03 1.042956745582021935e-46
3.711671819475766824e+03 1.055061038213472428e-46
3.754694224073336954e+03 1.067305810208739595e-46
3.798215306190736101e+03 1.079692691935847531e-46
3.842240846055060956e+03 1.092223332684477413e-46
3.886776690892667830e+03 1.104899400885496810e-46
3.931828755705770163e+03 1.117722584333213896e-46
3.977403024058036863e+03 1.130694590410033745e-46
4.023505548869293307e+03 1.143817146313810556e-46
4.070142453219438721e+03 1.157091999287820154e-46
4.117319931161679051e+03 1.170520916853403141e-46
4.165044248545184928e+03 1.184105687045306687e-46
4.213321743847289326e+03 1.197848118649776518e-46
4.262158829015324955e+03 1.211750041445316815e-46
4.311561990318228709e+03 1.225813306446437364e-46
4.361537789208005961e+03 1.240039786150035565e-46
4.412092863191190190e+03 1.254431374784734955e-46
4.463233926710397100e+03 1.268989988563097992e-46
4.514967772036101451e+03 1.283717565936766373e-46
4.567301270168746669e+03 1.298616067854562345e-46
4.620241371751312727e+03 1.313687478023605841e-46
4.673795107992463272e+03 1.328933803173357017e-46
4.727969591600390231e+03 1.344357073322935407e-46
4.782772017727485036e+03 1.359959342051328687e-46
4.838209664925957441e+03 1.375742686770843052e-46
4.894289896114531984e+03 1.391709209003708273e-46
4.951020159556351246e+03 1.407861034661889939e-46
5.008407989848212310e+03 1.424200314330151086e-46
5.066461008921268331e+03 1.440729223552421939e-46
5.125186927053332511e+03 1.457449963121376069e-46
5.184593543892912749e+03 1.474364759371601115e-46
5.244688749495118827e+03 1.491475864475938769e-46
5.305480525369574025e+03 1.508785556745379468e-46
5.366976945540475754e+03 1.526296140932416304e-46
5.429186177618942565e+03 1.544009948537917465e-46
5.492116483887789400e+03 1.561929338121561349e-46
5.555776222398877508e+03 1.580056695615900675e-46
5.620173848083188204e+03 1.598394434643941038e-46
5.685317913873753241e+03 1.616944996840664852e-46
5.751217071841613688e+03 1.635710852178027940e-46
5.817880074344935565e+03 1.654694499293856388e-46
5.885315775191450484e+03 1.673898465824536333e-46
5.953533130814370452e+03 1.693325308741563770e-46
6.022541201461927812e+03 1.712977614691999884e-46
6.092349152400711318e+03 1.732858000342906969e-46
6.162966255132942024e+03 1.752969112729639125e-46
6.234401888627863627e+03 1.773313629608459886e-46
6.306665540567405515e+03 1.793894259812967753e-46
6.379766808606282211e+03 1.814713743614798498e-46
6.453715401646702048e+03 1.835774853088490660e-46
6.528521141127846931e+03 1.857080392480578027e-46
6.604193962330305112e+03 1.878633198582972497e-46
6.680743915695614305e+03 1.900436141110707327e-46
6.758181168161110691e+03 1.922492123083911261e-46
6.836516004510238417e+03 1.944804081214523807e-46
6.915758828738525153e+03 1.967374986297191219e-46
6.995920165435374656e+03 1.990207843604852694e-46
7.077010661181889191e+03 2.013305693288884916e-46
7.159041085964888225e+03 2.036671610783895199e-46
7.242022334607315315e+03 2.060308707217241012e-46
7.325965428215230531e+03 2.084220129823138193e-46
7.410881515641569422e+03 2.108409062361908214e-46
7.496781874966876785e+03 2.132878725543758130e-46
7.583677914997190783e+03 2.157632377457644345e-46
7.671581176779302041e+03 2.182673314005079783e-46
7.760503335133571454e+03 2.208004869338979761e-46
7.850456200204509514e+03 2.233630416307595175e-46
7.941451719029339984e+03 2.259553366903602617e-46
8.033501977124734367e+03 2.285777172718441667e-46
8.126619200091945459e+03 2.312305325401737552e-46
8.220815755240540966e+03 2.339141357126432645e-46
8.316104153230960947e+03 2.366288841058938378e-46
8.412497049736119152e+03 2.393751391834933770e-46
8.510007247122246554e+03 2.421532666040646423e-46
8.608647696149244439e+03 2.449636362699720241e-46
8.708431497690724427e+03 2.478066223765775251e-46
8.809371904473990071e+03 2.506826034620476746e-46
8.911482322840201959e+03 2.535919624577797492e-46
9.014776314524917325e+03 2.565350867393718850e-46
9.119267598459298824e+03 2.595123681782056902e-46
9.224970052592174397e+03 2.625242031936230777e-46
9.331897715733239238e+03 2.655709928057087140e-46
9.440064789417603606e+03 2.686531426886851626e-46
9.549485639791966605e+03 2.717710632249274898e-46
9.660174799522645117e+03 2.749251695596095456e-46
9.772146969725725285e+03 2.781158816559616944e-46
9.885417021919573017e+03 2.813436243512150613e-46
1.000000000000000000e+04 2.846088274131498385e-46
