# A search for new physics in low-energy electron recoils from the first LZ exposure
#https://arxiv.org/abs/2307.15753
#LZ_SR1_Limit_WimpMigdal_SI
0.5   7.65821e-38
0.6   2.22331e-38
0.7   9.92004e-39
0.8   4.91135e-39
0.9   2.77505e-39
1.0   1.76781e-39
1.5   3.81723e-40
2.0   1.49257e-40
2.5   7.12809e-41
3.0   4.01122e-41
3.5   2.52003e-41
4.0   1.72009e-41
4.5   1.15494e-41
5.0   8.32501e-42
5.5   6.06599e-42
6.0   4.65447e-42
6.5   3.40830e-42
7.0   2.69121e-42
7.5   2.13349e-42
8.0   1.64392e-42
8.5   1.32677e-42
9.0   1.06535e-42
